100
0 
13 87 -1 69 -1 77 -1 59 -1 84 -1 64 -1 28 -1 18 -1 21 -1 49 -1 63 -1 1 -1 98 -1 
11 57 -1 82 -1 65 -1 37 -1 78 -1 24 -1 44 -1 91 -1 5 -1 91 -1 99 -1 
10 9 -1 96 -1 54 -1 63 -1 68 -1 38 -1 6 -1 84 -1 77 -1 9 -1 
6 81 -1 32 -1 42 -1 29 -1 22 -1 95 -1 
12 9 -1 22 -1 59 -1 20 -1 23 -1 72 -1 60 -1 85 -1 53 -1 42 -1 11 -1 44 -1 
14 97 -1 17 -1 20 -1 77 -1 2 -1 76 -1 76 -1 96 -1 75 -1 72 -1 86 -1 98 -1 91 -1 67 -1 
13 58 -1 2 -1 34 -1 56 -1 94 -1 14 -1 92 -1 46 -1 60 -1 71 -1 98 -1 39 -1 55 -1 
6 95 -1 42 -1 38 -1 14 -1 56 -1 5 -1 
11 61 -1 87 -1 17 -1 19 -1 80 -1 34 -1 31 -1 34 -1 15 -1 65 -1 34 -1 
18 29 -1 17 -1 59 -1 49 -1 98 -1 4 -1 39 -1 58 -1 77 -1 11 -1 52 -1 69 -1 31 -1 80 -1 5 -1 14 -1 72 -1 27 -1 
9 91 -1 97 -1 44 -1 40 -1 74 -1 61 -1 34 -1 6 -1 66 -1 
12 35 -1 52 -1 14 -1 74 -1 72 -1 6 -1 40 -1 65 -1 50 -1 17 -1 1 -1 50 -1 
8 93 -1 93 -1 58 -1 38 -1 66 -1 59 -1 59 -1 57 -1 
14 88 -1 77 -1 45 -1 72 -1 13 -1 35 -1 24 -1 19 -1 82 -1 57 -1 33 -1 67 -1 49 -1 85 -1 
10 87 -1 17 -1 74 -1 61 -1 60 -1 37 -1 83 -1 30 -1 48 -1 37 -1 
9 58 -1 94 -1 20 -1 87 -1 59 -1 49 -1 47 -1 27 -1 46 -1 
15 26 -1 69 -1 48 -1 16 -1 87 -1 83 -1 65 -1 18 -1 11 -1 14 -1 70 -1 13 -1 22 -1 19 -1 2 -1 
5 81 -1 22 -1 72 -1 30 -1 7 -1 
7 29 -1 78 -1 83 -1 69 -1 3 -1 77 -1 43 -1 
13 54 -1 87 -1 16 -1 97 -1 46 -1 40 -1 48 -1 32 -1 2 -1 90 -1 46 -1 89 -1 35 -1 
11 10 -1 85 -1 66 -1 27 -1 11 -1 95 -1 76 -1 57 -1 8 -1 72 -1 68 -1 
9 3 -1 26 -1 57 -1 15 -1 6 -1 2 -1 5 -1 94 -1 8 -1 
12 31 -1 64 -1 26 -1 55 -1 19 -1 34 -1 52 -1 7 -1 22 -1 4 -1 83 -1 23 -1 
8 6 -1 86 -1 99 -1 74 -1 17 -1 30 -1 45 -1 81 -1 
9 29 -1 54 -1 93 -1 67 -1 96 -1 31 -1 32 -1 40 -1 29 -1 
12 11 -1 40 -1 70 -1 70 -1 41 -1 14 -1 15 -1 25 -1 6 -1 78 -1 13 -1 64 -1 
13 70 -1 31 -1 28 -1 66 -1 6 -1 38 -1 64 -1 47 -1 62 -1 83 -1 67 -1 28 -1 58 -1 
13 27 -1 50 -1 94 -1 98 -1 61 -1 82 -1 40 -1 79 -1 4 -1 62 -1 87 -1 59 -1 6 -1 
8 1 -1 67 -1 34 -1 11 -1 78 -1 22 -1 20 -1 97 -1 
12 63 -1 82 -1 19 -1 95 -1 70 -1 13 -1 23 -1 53 -1 94 -1 65 -1 41 -1 66 -1 
9 34 -1 48 -1 85 -1 5 -1 36 -1 29 -1 73 -1 76 -1 93 -1 
12 94 -1 69 -1 67 -1 92 -1 81 -1 14 -1 73 -1 65 -1 24 -1 86 -1 11 -1 11 -1 
10 32 -1 41 -1 42 -1 73 -1 5 -1 82 -1 97 -1 86 -1 19 -1 57 -1 
9 25 -1 75 -1 89 -1 55 -1 5 -1 82 -1 34 -1 54 -1 46 -1 
2 21 -1 96 -1 
12 72 -1 48 -1 29 -1 74 -1 27 -1 31 -1 85 -1 50 -1 93 -1 73 -1 32 -1 99 -1 
8 42 -1 57 -1 50 -1 64 -1 26 -1 3 -1 48 -1 25 -1 
10 39 -1 75 -1 67 -1 27 -1 7 -1 68 -1 39 -1 28 -1 86 -1 61 -1 
10 4 -1 50 -1 10 -1 29 -1 6 -1 92 -1 28 -1 61 -1 96 -1 96 -1 
8 39 -1 12 -1 27 -1 33 -1 18 -1 29 -1 55 -1 10 -1 
10 16 -1 51 -1 27 -1 56 -1 43 -1 53 -1 53 -1 45 -1 72 -1 86 -1 
8 92 -1 18 -1 83 -1 32 -1 8 -1 60 -1 99 -1 89 -1 
8 50 -1 23 -1 28 -1 84 -1 26 -1 92 -1 14 -1 38 -1 
15 13 -1 66 -1 62 -1 59 -1 78 -1 77 -1 22 -1 37 -1 49 -1 54 -1 81 -1 26 -1 68 -1 53 -1 2 -1 
10 4 -1 32 -1 81 -1 38 -1 25 -1 2 -1 13 -1 73 -1 81 -1 83 -1 
15 3 -1 24 -1 87 -1 71 -1 78 -1 74 -1 66 -1 23 -1 76 -1 34 -1 75 -1 25 -1 85 -1 34 -1 20 -1 
11 36 -1 3 -1 34 -1 20 -1 99 -1 71 -1 96 -1 80 -1 92 -1 67 -1 13 -1 
7 95 -1 53 -1 39 -1 1 -1 88 -1 25 -1 76 -1 
10 66 -1 3 -1 59 -1 25 -1 83 -1 90 -1 90 -1 96 -1 35 -1 43 -1 
7 78 -1 72 -1 3 -1 87 -1 46 -1 96 -1 47 -1 
14 28 -1 17 -1 86 -1 64 -1 54 -1 57 -1 67 -1 68 -1 11 -1 73 -1 34 -1 61 -1 16 -1 10 -1 
17 19 -1 93 -1 89 -1 36 -1 29 -1 43 -1 5 -1 18 -1 68 -1 20 -1 96 -1 12 -1 78 -1 26 -1 28 -1 71 -1 90 -1 
7 21 -1 20 -1 30 -1 35 -1 9 -1 14 -1 76 -1 
8 42 -1 39 -1 53 -1 98 -1 27 -1 33 -1 21 -1 22 -1 
16 94 -1 42 -1 21 -1 24 -1 7 -1 33 -1 27 -1 26 -1 26 -1 25 -1 38 -1 55 -1 39 -1 45 -1 93 -1 61 -1 
12 28 -1 93 -1 56 -1 1 -1 8 -1 50 -1 43 -1 93 -1 42 -1 55 -1 68 -1 36 -1 
16 35 -1 74 -1 23 -1 51 -1 91 -1 22 -1 43 -1 5 -1 54 -1 76 -1 87 -1 25 -1 35 -1 39 -1 30 -1 15 -1 
14 86 -1 18 -1 93 -1 11 -1 88 -1 85 -1 4 -1 5 -1 13 -1 78 -1 71 -1 17 -1 3 -1 98 -1 
10 44 -1 45 -1 62 -1 99 -1 13 -1 45 -1 76 -1 5 -1 97 -1 13 -1 
14 46 -1 90 -1 94 -1 43 -1 58 -1 83 -1 15 -1 55 -1 86 -1 85 -1 39 -1 57 -1 18 -1 41 -1 
10 15 -1 79 -1 66 -1 37 -1 25 -1 12 -1 29 -1 89 -1 84 -1 8 -1 
13 27 -1 84 -1 42 -1 6 -1 90 -1 35 -1 44 -1 9 -1 22 -1 31 -1 35 -1 69 -1 69 -1 
11 26 -1 79 -1 81 -1 19 -1 55 -1 17 -1 69 -1 66 -1 28 -1 5 -1 91 -1 
9 43 -1 93 -1 59 -1 18 -1 51 -1 52 -1 38 -1 55 -1 50 -1 
9 27 -1 96 -1 8 -1 85 -1 15 -1 79 -1 73 -1 70 -1 69 -1 
11 41 -1 40 -1 34 -1 46 -1 80 -1 61 -1 36 -1 31 -1 14 -1 96 -1 21 -1 
8 16 -1 24 -1 89 -1 3 -1 76 -1 40 -1 82 -1 26 -1 
10 98 -1 72 -1 87 -1 91 -1 80 -1 85 -1 63 -1 21 -1 49 -1 4 -1 
12 51 -1 23 -1 94 -1 89 -1 16 -1 6 -1 57 -1 10 -1 49 -1 57 -1 50 -1 71 -1 
9 29 -1 16 -1 94 -1 67 -1 58 -1 95 -1 98 -1 90 -1 53 -1 
7 20 -1 83 -1 54 -1 82 -1 84 -1 90 -1 25 -1 
19 52 -1 11 -1 86 -1 82 -1 3 -1 67 -1 68 -1 17 -1 64 -1 82 -1 43 -1 16 -1 70 -1 46 -1 20 -1 2 -1 92 -1 21 -1 9 -1 
8 70 -1 30 -1 32 -1 29 -1 19 -1 62 -1 44 -1 56 -1 
6 72 -1 72 -1 91 -1 66 -1 36 -1 11 -1 
11 86 -1 34 -1 35 -1 91 -1 84 -1 30 -1 83 -1 87 -1 87 -1 93 -1 87 -1 
8 66 -1 12 -1 77 -1 4 -1 36 -1 38 -1 1 -1 90 -1 
8 59 -1 59 -1 94 -1 67 -1 42 -1 6 -1 25 -1 93 -1 
8 66 -1 75 -1 46 -1 58 -1 37 -1 83 -1 18 -1 65 -1 
11 49 -1 69 -1 71 -1 47 -1 70 -1 59 -1 41 -1 6 -1 56 -1 18 -1 66 -1 
14 67 -1 33 -1 96 -1 67 -1 82 -1 58 -1 64 -1 38 -1 51 -1 60 -1 74 -1 80 -1 72 -1 50 -1 
13 2 -1 43 -1 56 -1 9 -1 59 -1 32 -1 85 -1 37 -1 76 -1 41 -1 30 -1 27 -1 50 -1 
12 74 -1 65 -1 92 -1 5 -1 6 -1 96 -1 44 -1 5 -1 28 -1 15 -1 97 -1 25 -1 
15 63 -1 2 -1 63 -1 93 -1 65 -1 28 -1 75 -1 97 -1 76 -1 62 -1 7 -1 18 -1 49 -1 42 -1 34 -1 
13 40 -1 55 -1 3 -1 15 -1 18 -1 34 -1 57 -1 49 -1 61 -1 80 -1 17 -1 71 -1 44 -1 
8 94 -1 9 -1 46 -1 16 -1 96 -1 15 -1 70 -1 44 -1 
8 8 -1 86 -1 33 -1 52 -1 22 -1 4 -1 44 -1 19 -1 
10 45 -1 40 -1 64 -1 45 -1 74 -1 65 -1 68 -1 27 -1 99 -1 61 -1 
17 92 -1 34 -1 34 -1 25 -1 37 -1 65 -1 51 -1 53 -1 33 -1 13 -1 95 -1 30 -1 46 -1 37 -1 22 -1 69 -1 56 -1 
9 94 -1 40 -1 10 -1 27 -1 27 -1 90 -1 49 -1 97 -1 36 -1 
7 19 -1 23 -1 23 -1 6 -1 19 -1 43 -1 32 -1 
7 76 -1 38 -1 95 -1 89 -1 23 -1 55 -1 6 -1 
11 28 -1 53 -1 13 -1 13 -1 36 -1 77 -1 55 -1 43 -1 66 -1 91 -1 2 -1 
10 54 -1 47 -1 60 -1 82 -1 25 -1 95 -1 57 -1 92 -1 27 -1 33 -1 
15 8 -1 81 -1 26 -1 57 -1 4 -1 26 -1 61 -1 47 -1 35 -1 69 -1 76 -1 40 -1 12 -1 28 -1 97 -1 
6 81 -1 75 -1 97 -1 2 -1 10 -1 59 -1 
12 62 -1 18 -1 22 -1 39 -1 88 -1 53 -1 98 -1 7 -1 94 -1 40 -1 49 -1 9 -1 
15 17 -1 51 -1 7 -1 20 -1 89 -1 71 -1 53 -1 79 -1 68 -1 28 -1 8 -1 36 -1 70 -1 74 -1 9 -1 
11 87 -1 65 -1 53 -1 33 -1 51 -1 48 -1 36 -1 9 -1 58 -1 94 -1 13 -1 
7 96 -1 11 -1 57 -1 93 -1 50 -1 30 -1 66 -1 
10
0 0
0 0
0 0
0 0
0 0
0 0
0 0
0 0
0 0
0 0
