300
0 
2 4 -1 16 -1 
3 141 -1 111 -1 35 -1 
1 5 -1 
1 109 -1 
2 106 -1 116 -1 
2 57 -1 55 -1 
0 
0 
0 
0 
1 156 -1 
0 
2 26 -1 261 -1 
0 
0 
1 39 -1 
1 131 -1 
2 229 -1 290 -1 
3 164 -1 155 -1 261 -1 
1 50 -1 
2 197 -1 90 -1 
0 
1 54 -1 
0 
0 
2 167 -1 199 -1 
2 35 -1 288 -1 
1 292 -1 
3 209 -1 39 -1 9 -1 
1 167 -1 
0 
1 179 -1 
2 148 -1 213 -1 
1 1 -1 
1 84 -1 
0 
1 236 -1 
2 221 -1 37 -1 
2 250 -1 122 -1 
4 25 -1 126 -1 258 -1 278 -1 
3 4 -1 175 -1 221 -1 
2 238 -1 30 -1 
0 
2 109 -1 223 -1 
2 16 -1 174 -1 
1 58 -1 
1 277 -1 
0 
2 65 -1 93 -1 
0 
1 3 -1 
0 
0 
0 
1 44 -1 
0 
3 117 -1 251 -1 230 -1 
1 155 -1 
1 131 -1 
2 122 -1 249 -1 
0 
1 283 -1 
1 249 -1 
1 280 -1 
1 278 -1 
1 195 -1 
0 
1 15 -1 
1 253 -1 
1 231 -1 
0 
1 269 -1 
2 260 -1 104 -1 
0 
0 
1 125 -1 
0 
0 
1 124 -1 
0 
3 69 -1 11 -1 104 -1 
1 191 -1 
0 
2 259 -1 86 -1 
2 273 -1 9 -1 
1 164 -1 
0 
1 93 -1 
2 132 -1 37 -1 
1 256 -1 
1 197 -1 
1 216 -1 
3 145 -1 26 -1 133 -1 
0 
0 
1 125 -1 
2 206 -1 5 -1 
0 
1 192 -1 
0 
1 286 -1 
2 152 -1 112 -1 
1 51 -1 
0 
3 75 -1 146 -1 44 -1 
1 150 -1 
0 
0 
1 113 -1 
2 99 -1 269 -1 
1 46 -1 
1 40 -1 
0 
1 157 -1 
0 
2 9 -1 191 -1 
0 
0 
2 209 -1 154 -1 
1 263 -1 
2 219 -1 246 -1 
1 224 -1 
1 276 -1 
2 293 -1 216 -1 
1 201 -1 
0 
3 154 -1 208 -1 68 -1 
1 280 -1 
1 205 -1 
3 144 -1 190 -1 114 -1 
2 49 -1 130 -1 
3 15 -1 107 -1 85 -1 
2 264 -1 133 -1 
2 286 -1 296 -1 
2 227 -1 67 -1 
1 265 -1 
4 133 -1 213 -1 270 -1 128 -1 
0 
0 
0 
0 
2 213 -1 257 -1 
2 121 -1 18 -1 
0 
1 117 -1 
0 
1 8 -1 
2 201 -1 110 -1 
1 291 -1 
1 21 -1 
1 293 -1 
1 44 -1 
1 211 -1 
2 16 -1 206 -1 
1 88 -1 
0 
0 
0 
1 160 -1 
0 
3 225 -1 33 -1 46 -1 
2 284 -1 75 -1 
0 
0 
2 82 -1 293 -1 
3 268 -1 191 -1 40 -1 
3 72 -1 269 -1 265 -1 
2 155 -1 218 -1 
2 188 -1 194 -1 
0 
1 86 -1 
1 7 -1 
1 194 -1 
2 53 -1 298 -1 
1 2 -1 
2 26 -1 137 -1 
5 34 -1 121 -1 140 -1 234 -1 8 -1 
1 288 -1 
3 80 -1 76 -1 218 -1 
2 33 -1 219 -1 
1 22 -1 
0 
1 60 -1 
0 
2 238 -1 231 -1 
0 
0 
1 69 -1 
1 56 -1 
1 174 -1 
3 299 -1 217 -1 180 -1 
1 13 -1 
1 95 -1 
1 225 -1 
0 
2 277 -1 218 -1 
2 198 -1 62 -1 
2 7 -1 63 -1 
2 66 -1 264 -1 
1 175 -1 
2 183 -1 24 -1 
1 155 -1 
1 211 -1 
0 
2 21 -1 258 -1 
2 117 -1 54 -1 
1 289 -1 
0 
1 142 -1 
1 205 -1 
1 14 -1 
1 185 -1 
2 19 -1 234 -1 
1 224 -1 
0 
2 289 -1 19 -1 
0 
1 246 -1 
1 94 -1 
0 
3 165 -1 224 -1 157 -1 
3 296 -1 246 -1 149 -1 
1 143 -1 
2 129 -1 207 -1 
0 
0 
0 
0 
3 42 -1 166 -1 77 -1 
1 232 -1 
0 
2 150 -1 222 -1 
2 134 -1 147 -1 
3 243 -1 30 -1 30 -1 
2 13 -1 248 -1 
2 15 -1 289 -1 
3 192 -1 122 -1 184 -1 
0 
1 295 -1 
2 141 -1 189 -1 
2 31 -1 132 -1 
1 99 -1 
2 141 -1 57 -1 
1 266 -1 
1 245 -1 
3 53 -1 90 -1 17 -1 
0 
2 203 -1 292 -1 
2 128 -1 36 -1 
2 230 -1 209 -1 
0 
0 
1 100 -1 
2 142 -1 281 -1 
2 171 -1 208 -1 
0 
1 106 -1 
1 183 -1 
2 74 -1 181 -1 
2 175 -1 59 -1 
2 109 -1 279 -1 
2 270 -1 281 -1 
0 
1 173 -1 
1 76 -1 
1 234 -1 
0 
0 
0 
0 
1 243 -1 
1 71 -1 
2 41 -1 108 -1 
3 9 -1 190 -1 15 -1 
1 68 -1 
0 
3 269 -1 154 -1 155 -1 
2 7 -1 133 -1 
0 
0 
0 
2 6 -1 121 -1 
2 134 -1 178 -1 
0 
0 
0 
1 253 -1 
2 276 -1 52 -1 
1 272 -1 
1 234 -1 
4 148 -1 104 -1 211 -1 11 -1 
3 12 -1 110 -1 224 -1 
0 
1 247 -1 
0 
1 178 -1 
0 
0 
0 
10
0 0
0 0
0 0
0 0
0 0
0 0
0 0
0 0
0 0
0 0
